10  219.0 13.502337994330142
50  2406.2 94.24709410626282
100  6808.0 318.9973401617998
150  12680.9 644.0425592154668
200  22383.8 1232.890715662859
250  41812.0 2874.320337756459
300  56219.4 3760.6896979735566
350  112669.36734693877 8176.434633100172
400  138398.8947368421 9125.428416388837
450  180738.2 15043.828969854521
500  209559.13559322033 17239.399608421107
550  227419.44444444444 21191.162275377188
600  292235.81481481483 27130.22022382545
650  437037.6666666667 59727.16569721204
700  402836.71428571426 56830.12205962964
750  469351.0 84051.66815715202
800  405877.6666666667 65282.43314841881
850  419221.0 108754.60365734715
900  430941.0 201680.5293031531
