10  68.74 1.8960149596648066
50  423.58 9.33624608229083
100  933.1 22.486420144369156
150  1424.44 24.321501149843048
200  2003.62 33.127286747826595
250  2551.24 45.983231726358824
300  3248.2 68.07605372602829
350  3748.9 61.25003153988056
400  4407.22 77.09374010668019
450  5052.58 115.37994957372958
500  5645.8 91.58614424781632
550  6195.58 95.14300260899148
600  6970.0 120.64663654280176
650  7569.64 135.9156776026291
700  8198.32 106.80070071271675
750  8808.52 107.26103011727132
800  9640.9 139.29785941055817
850  10173.88 155.09343764324825
900  10893.7 172.7007580127598
950  11648.98 196.19511725923184
1000  12334.12 187.23970985198224
