10  97.6 1.8921421775865628
50  549.9 6.832623762124436
100  1136.8 15.103133663735036
150  1767.4 24.459209498528956
200  2440.3 29.44546577226182
250  3087.2 40.36169300991055
300  3755.7 42.182493137233216
350  4422.7 49.08888145831277
400  5172.7 58.04997063659111
450  5780.7 68.49086866808663
500  6528.9 73.1651370034067
550  7279.5 74.52372342774717
600  7907.3 91.67571911224626
650  8804.3 89.52140481020231
700  9581.2 118.72019392017623
750  10150.2 96.66464783680718
800  11061.3 117.08276059387576
850  11804.1 112.79530893247166
900  12668.6 121.53356106296921
950  13454.3 192.5826101110163
1000  14154.5 171.4401491701251
