10  79.64 2.0118597858647607
50  467.32 7.596528712829871
100  1003.24 13.602652147818267
150  1593.32 24.094875099502136
200  2192.36 29.02686850057186
250  2811.32 43.38803745203732
300  3352.04 46.80399257768629
350  4177.96 69.16149147488287
400  4630.36 62.092800408954886
450  5418.12 66.4014136395704
500  6078.6 92.60058686028229
550  6901.4 100.32470112871334
600  7322.12 93.88884173329781
650  8224.12 112.80615471424417
700  8963.88 123.62014258414925
750  9517.8 98.46774378270662
800  10413.16 159.7179930914854
850  11202.6 182.27647775682507
900  11745.16 144.1971256805957
950  12357.16 146.73212776066381
1000  13111.96 176.51980741004908
