3.649947557392732
2.689535275842278
1.8191306615074037
1.6986934967673242
1.6598344812210961
2.5217438250527984
24.362743870280475
10.303659446031691
8.543790940581566
7.2750254954601985
6.8562365622825325
3.84439773428738
64.1156746305717
18.219689205567526
16.932742891161563
13.690864608832152
9.895713795131432
4.234490416910764
189.29817021958993
61.51158957891802
57.532947082519705
40.15716598314652
32.17594308068239
9.221056272894055
1783.8585684969535
99.68198410723741
84.54844227369946
90.88200595310708
81.7299538329452
17.74880846761838
1389.4455718695422
170.25834539833207
151.79251520653867
170.1080060942857
105.77828155384661
42.28814577073902
2154.403342530611
226.53705256725348
209.32064173068434
159.45551800493521
172.8473639142964
57.69496940764181
