50  342.52 9.159379803449493
100  850.68 24.729922496171863
150  1363.24 38.17286867698449
200  1960.72 45.50371741945811
250  2509.32 84.37098797644366
300  3049.32 77.54482428722999
350  3664.0 96.56829059000033
400  4278.0 134.19830193569607
450  4900.88 120.9079115974992
500  5724.84 199.15023450408063
550  5924.08 159.177429545673
600  6923.04 180.7876861364896
650  7685.84 224.4641748743442
700  8125.44 198.06974708700756
750  8826.08 209.76750847574363
800  9327.92 184.47032428391893
850  11488.28 1028.2175022510332
900  10667.68 220.14746980287117
950  11417.68 234.6077822471137
1000  12128.84 236.892160062316