2  64  104.56 1.330703467032271
2  128  208.81 1.615061371070214
2  256  414.81 2.3366078754545923
2  512  832.38 3.422202610464633
2  1024  1667.92 5.059418260167327
4  64  301.95 6.309658701490354
4  128  583.91 10.634991748701548
4  256  1217.51 14.561804854002869
4  512  2375.83 19.005310555024632
4  1024  4751.7 26.084181901193404
8  64  2985.58 117.38737149224607
8  128  6443.05 199.325906102128
8  256  13028.18 271.65480151817457
8  512  25725.85 375.53901124203657
8  1024  51592.22 492.4582340040465
16  64  61192.0 NaN
16  128  NaN NaN
16  256  NaN NaN
16  512  NaN NaN
16  1024  NaN NaN
32  64  NaN NaN
32  128  NaN NaN
32  256  NaN NaN
32  512  NaN NaN
32  1024  NaN NaN