50  3612.2 117.50136728196533
100  9582.0 300.6841189586497
150  15512.6 390.28538431783636
200  21909.6 531.8483307002917
250  28684.2 744.6626635089491
300  33805.8 729.5167416609664
350  42942.8 1186.4193509731863
400  49714.6 1079.5221868582378
450  57003.4 1383.2269482275965
500  65388.6 1537.4958462290938
550  74096.8 1890.8774788441474
600  83236.2 2184.1028414015173
650  95703.8 2569.1144568752193
700  102485.4 2943.914230469977
750  106231.4 2590.369054163456
800  122572.0 3357.8644172218214
850  123762.2 3366.8093557520892
900  140168.4 3553.3546040070614
950  148297.0 4007.804215061238
1000  161801.2 4547.150107551543