2  64  385.05 12.034028981822901
2  128  926.58 25.895185699744314
2  256  2198.62 52.95073330536375
2  512  5182.98 132.0635728302355
2  1024  11499.72 234.26232601487368
4  64  959.1 31.960071364378422
4  128  2348.42 74.84713199366271
4  256  5524.72 144.29922550314697
4  512  13120.31 307.1294238080858
4  1024  28198.84 588.4660763151412
8  64  6147.76 294.1113419070808
8  128  17025.33 668.5363536657723
8  256  38522.51 1118.3032384059754
8  512  93121.47 2446.6968375422807
8  1024  209149.28 4473.167448468297
16  64  NaN NaN
16  128  NaN NaN
16  256  NaN NaN
16  512  NaN NaN
16  1024  NaN NaN
32  64  NaN NaN
32  128  NaN NaN
32  256  NaN NaN
32  512  NaN NaN
32  1024  NaN NaN