50  990.2 3.158058475287203
100  1993.8 4.811770081075291
150  3015.2 5.820861125505765
200  4036.8 8.55780109583996
250  5049.8 10.059700579916669
300  6085.0 13.162542507149798
350  7108.0 23.929821638206242
400  8111.0 16.284093992964948
450  9171.4 31.259720104474724
500  10147.6 17.97204338505623
550  11209.6 36.54498265939878
600  12224.6 42.2377876678065
650  13358.2 56.44843539537529
700  14252.2 30.35323356545045
750  15353.6 49.88686594625277
800  16294.6 34.32922011254193
850  17448.4 47.442601151703656
900  18475.2 59.743082943517074
950  19555.0 62.34832099834872
1000  20530.6 75.35370065246279