50  494.19191919191917 60.510512258178764
100  1078.4 84.508377446179
150  1874.8 160.58303494177432
200  2931.72 232.3911688720055
250  4094.5555555555557 539.6366334775042
300  4702.6 305.72809071877157
350  5785.1 420.7594263334868
400  6113.42 274.6189724625079
450  8157.92 470.4320407730096
500  9749.86 630.3495366761831
550  10345.86 1071.1302672873126
600  10083.7 449.04019965821624
650  10909.6 607.0237460617403
700  13358.36 701.7005121787495
750  13006.68 561.6112554053559
800  17356.06 1806.6620797112741
850  15873.323232323231 841.1257265743526
900  21885.06 1899.6712054596514
950  22935.20202020202 2853.297215466642
1000  19728.16 1080.0411620214325