50  49.95 0.1871503473821316
100  100.02 0.13102548136788034
150  150.18 0.13286280612911455
200  200.03 0.12748935388317884
250  249.7 0.17724034928351223
300  300.14 0.1239256864321259
350  349.82 0.15000336696550357
400  400.19 0.13535960336186875
450  449.82 0.17313508476309228
500  499.74 0.16119503213087188
550  549.79 0.16954782406986496
600  599.77 0.17047467894589646
650  649.87 0.16184229760223415
700  699.99 0.1828478420259426
750  749.96 0.12785724362382994
800  800.18 0.10286796480129294
850  850.05 0.12502524997500758
900  899.65 0.13734495390671025
950  950.16 0.11434486203807606
1000  1000.07 0.14582056220805437