50  194.49 6.69064619185968
100  449.47 13.531351213258995
150  752.23 20.746998590279283
200  1065.38 27.56170223884997
250  1387.73 31.106671651144588
300  1604.79 28.365765021457214
350  2015.0 37.62200087043417
400  2350.96 48.50068607241503
450  2658.32 54.15077320208676
500  3044.25 68.4286997132376
550  3449.32 87.855733306071
600  3769.22 76.48826222752002
650  4066.74 74.89519899381557
700  4774.75 112.98416477497628
750  4914.25 102.38807574886616
800  5386.99 119.22925586254146
850  5521.65 93.88554107652746
900  6369.32 132.5017140197886
950  6209.33 104.55996883041901
1000  6880.2 138.16902911311422