2  64  1862.22 119.19333889258925
2  128  10548.0 757.2412617421535
2  256  123694.72093023256 11205.90199175709
2  512  NaN NaN
2  1024  NaN NaN
4  64  2642.56 99.60937678469001
4  128  6132.08 193.01760304922632
4  256  13834.82 348.15128616244675
4  512  32683.62 818.8632232182574
4  1024  72335.14 1497.0307161359592
8  64  16099.72 676.035363081972
8  128  39660.14 1464.1113707859274
8  256  89045.92 2873.389948879057
8  512  222470.26 4925.0695506676
8  1024  502135.36363636365 10180.3937519754
16  64  NaN NaN
16  128  NaN NaN
16  256  NaN NaN
16  512  NaN NaN
16  1024  NaN NaN
32  64  NaN NaN
32  128  NaN NaN
32  256  NaN NaN
32  512  NaN NaN
32  1024  NaN NaN